1 1
2 1
3 1
4 1
5 1
6 1
7 1
8 1
9 1
10 1
11 1
12 1
13 1
14 1
15 1
16 1
17 1
18 1
19 1
20 1
21 1
22 1
23 1
24 1
25 1
26 1
27 1
28 1
29 1
30 1
31 1
32 1
33 1
34 1
35 1
36 1
37 2
38 2
39 2
40 2
41 2
42 2
43 2
44 2
45 2
46 2
47 2
48 3
49 3
50 3
51 3
52 3
53 3
54 3
55 3
56 3
57 3
58 3
59 3
60 3
61 3
62 3
63 3
64 3
65 3
66 3
67 3
68 3
69 3
70 3
71 3
72 3
73 3
74 3
75 3
76 3
77 3
78 3
79 3
80 4
81 4
82 4
83 4
84 4
85 4
86 4
87 4
88 4
89 4
90 4
91 4
92 4
93 4
94 4
95 4
96 4
97 4
98 4
99 4
100 4
101 4
102 4
103 4
104 4
105 4
106 4
107 4
108 4
109 4
110 4
111 4
112 4
113 4
114 4
115 4
116 4
117 4
118 4
119 4
120 4
121 4
122 4
123 4
124 4
125 4
126 4
127 4
128 4
129 4
130 4
131 4
132 4
133 4
134 4
135 4
136 4
137 4
138 4
139 4
140 4
141 4
142 4
143 4
144 4
145 4
146 4
147 4
148 4
149 4
150 4
151 4
152 4
153 4
154 4
155 4
156 4
157 4
158 4
159 4
160 4
161 4
162 4
163 4
164 4
165 4
166 4
167 4
168 4
169 4
170 4
171 4
172 4
173 4
174 4
175 4
176 4
177 4
178 4
179 4
180 4
181 4
182 4
183 4
184 4
185 4
186 4
187 4
188 4
189 4
190 4
191 4
192 4
193 4
194 4
195 4
196 4
197 4
198 4
199 4
200 4
201 4
202 4
203 4
204 4
205 4
206 4
207 4
208 4
209 4
210 4
211 4
212 4
213 4
214 4
215 4
216 4
217 4
218 4
219 4
220 4
221 4
222 4
223 4
224 4
225 4
226 4
227 4
228 4
229 4
230 4
231 4
232 4
233 4
234 4
235 4
236 4
237 4
238 4
239 4
240 4
241 4
242 4
243 4
244 4
245 4
246 4
247 4
248 4
249 4
250 4
251 4
252 4
253 4
254 4
255 4
256 4
257 4
258 4
259 4
260 4
261 4
262 4
263 4
264 4
265 4
266 4
267 4
268 4
269 4
270 4
271 4
272 4
273 4
274 4
275 4
276 4
277 4
278 4
279 4
280 4
281 4
282 4
283 4
284 4
285 4
286 4
287 4
288 4
289 4
290 4
291 4
292 4
293 4
294 4
295 4
296 4
297 4
298 4
299 4
300 4
301 4
302 4
303 4
304 4
305 4
306 4
307 4
308 4
309 4
310 4
311 4
312 4
313 4
314 4
315 4
316 4
317 4
318 4
319 4
320 4
321 4
322 4
323 4
324 4
325 4
326 4
327 4
328 4
329 4
330 4
331 4
332 4
333 4
334 4
335 4
336 4
337 4
338 4
339 4
340 4
341 4
342 4
343 4
344 4
345 4
346 4
347 4
348 4
349 4
350 4
351 4
352 4
353 4
354 4
355 4
356 4
357 4
358 4
359 4
360 4
361 4
362 4
363 4
364 4
365 4
366 4
367 4
368 4
369 4
370 4
371 4
372 4
373 4
374 4
375 4
376 4
377 4
378 4
379 4
380 4
381 4
382 4
383 4
384 4
385 4
386 4
387 4
388 4
389 4
390 4
391 4
392 4
393 4
394 4
395 4
396 4
397 4
398 4
399 4
400 4
401 4
402 4
403 4
404 4
405 4
406 4
407 4
408 4
409 4
410 4
411 4
412 4
413 4
414 4
415 4
416 4
417 4
418 4
419 4
420 4
421 4
422 4
423 4
424 4
425 4
426 4
427 4
428 4
429 4
430 4
431 4
432 4
433 4
434 4
435 4
436 4
437 4
438 4
439 4
440 4
441 4
442 4
443 4
444 4
445 4
446 4
447 4
448 4
449 4
450 4
451 4
452 4
453 4
454 4
455 4
456 4
457 4
458 4
459 4
460 4
461 4
462 4
463 4
464 4
465 4
466 4
467 4
468 4
469 4
470 4
471 4
472 4
473 4
474 4
475 4
476 4
477 4
478 4
479 4
480 4
481 4
482 4
483 4
484 4
485 4
486 4
487 4
488 4
489 4
490 4
491 4
492 4
493 4
494 4
495 4
496 5
497 5
498 5
499 5
500 5
501 5
502 5
503 5
504 5
505 5
506 5
507 5
508 5
509 5
510 5
511 5
512 5
513 5
514 5
515 5
516 5
517 5
518 5
519 5
520 5
521 5
522 5
523 5
524 5
525 5
526 5
527 6
528 6
529 6
530 6
531 6
532 6
533 6
534 6
535 6
536 6
537 6
538 6
539 6
540 6
541 6
542 6
543 6
544 6
545 6
546 6
547 6
548 6
549 6
550 6
551 6
552 6
553 6
554 6
555 6
556 6
557 6
558 6
559 6
560 6
561 6
562 6
563 6
564 6
565 6
566 6
567 6
568 6
569 6
570 6
571 6
572 6
573 6
574 6
575 6
576 6
577 6
578 6
579 6
580 6
581 6
582 6
583 6
584 6
585 6
586 6
587 6
588 6
589 6
590 6
591 6
592 6
593 6
594 6
595 6
596 6
597 6
598 6
599 6
600 6
601 6
602 6
603 6
604 6
605 6
606 6
607 6
608 6
609 6
610 6
611 6
612 6
613 6
614 6
615 6
616 6
617 6
618 6
619 6
620 6
621 6
622 6
623 6
624 6
625 6
626 6
627 6
628 6
629 6
630 6
631 6
632 6
633 6
634 6
635 6
636 6
637 6
638 6
639 7
640 7
641 7
642 7
643 7
644 7
645 7
646 7
647 7
648 7
649 7
650 8
651 8
652 8
653 8
654 8
655 8
656 8
657 8
658 8
659 8
660 8
661 9
662 9
663 9
664 9
665 9
666 9
667 9
668 9
669 9
670 9
671 9
672 9
673 9
674 9
675 9
676 9
677 9
678 9
679 9
680 9
681 9
682 9
683 9
684 9
685 9
686 9
687 9
688 9
689 10
690 10
691 10
692 10
693 10
694 10
695 10
696 10
697 10
698 10
699 10
700 10
701 10
702 10
703 10
704 10
705 10
706 10
707 10
708 10
709 10
710 10
711 10
712 10
713 10
714 10
715 10
716 10
717 10
718 10
719 10
720 10
721 10
722 10
723 10
724 10
725 10
726 10
727 10
728 10
729 10
730 10
731 10
732 10
733 10
734 10
735 10
736 10
737 10
738 10
739 10
740 10
741 10
742 10
743 10
744 10
745 10
746 10
747 10
748 10
749 10
750 10
751 10
752 10
753 10
754 10
755 10
756 10
757 10
758 10
759 10
760 10
761 10
762 10
763 10
764 10
765 10
766 10
767 10
768 10
769 10
770 10
771 10
772 10
773 10
774 10
775 10
776 10
777 10
778 10
779 10
780 10
781 10
782 10
783 10
784 10
785 10
786 10
787 10
788 10
789 10
790 10
791 10
792 10
793 10
794 10
795 10
796 10
797 10
798 10
799 10
800 10
801 10
802 10
803 10
804 10
805 10
806 10
807 10
808 10
809 10
810 10
811 10
812 10
813 10
814 10
815 10
816 10
817 10
818 10
819 10
820 10
821 10
822 10
823 10
824 10
825 10
826 10
827 10
828 10
829 10
830 10
831 10
832 10
833 10
834 10
835 10
836 10
837 10
838 10
839 10
840 10
841 10
842 10
843 10
844 10
845 10
846 10
847 10
848 10
849 10
850 11
851 11
852 11
853 11
854 11
855 11
856 11
857 11
858 11
859 11
860 11
861 11
862 11
863 11
864 11
865 11
866 11
867 11
868 11
869 11
870 11
871 11
872 11
873 11
874 11
875 11
876 11
877 11
878 11
879 11
880 12
881 12
882 12
883 12
884 12
885 12
886 12
887 12
888 12
889 12
890 12
891 12
892 12
893 12
894 12
895 12
896 12
897 12
898 12
899 13
900 13
901 13
902 13
903 13
904 13
905 13
906 13
907 13
908 13
909 13
910 13
911 13
912 13
913 13
914 13
915 13
916 13
917 13
918 13
919 13
920 13
921 13
922 13
923 13
924 13
925 13
926 13
927 13
928 13
929 13
930 13
931 13
932 14
933 14
934 14
935 14
936 14
937 14
938 14
939 14
940 14
941 14
942 14
943 14
944 14
945 14
946 14
947 14
948 14
949 14
950 14
951 14
952 14
953 15
954 15
955 15
956 15
957 15
958 15
959 15
960 15
961 15
962 15
963 15
964 15
965 15
966 15
967 15
968 15
969 15
970 15
971 15
972 15
973 15
974 15
975 16
976 16
977 16
978 16
979 16
980 16
981 16
982 16
983 16
984 16
985 16
986 16
987 16
988 16
989 16
990 16
991 16
992 16
993 16
994 16
995 16
996 16
997 16
998 16
999 16
1000 16
1001 16
1002 16
1003 16
1004 16
1005 16
1006 16
1007 16
1008 16
1009 16
1010 16
1011 16
1012 16
1013 16
1014 16
1015 16
1016 16
1017 16
1018 16
1019 16
1020 16
1021 16
1022 16
1023 16
1024 16
1025 16
1026 16
1027 16
1028 16
1029 16
1030 16
1031 16
1032 16
1033 16
1034 16
1035 16
1036 16
1037 16
1038 16
1039 16
1040 16
1041 16
1042 16
1043 16
1044 16
1045 16
1046 16
1047 16
1048 16
1049 16
1050 16
1051 16
1052 16
1053 16
1054 16
1055 16
1056 16
1057 16
1058 16
1059 16
1060 16
1061 16
1062 16
1063 16
1064 16
1065 16
1066 16
1067 16
1068 16
1069 16
1070 16
1071 16
1072 16
1073 16
1074 16
1075 16
1076 16
1077 16
1078 16
1079 16
1080 16
1081 16
1082 16
1083 16
1084 16
1085 16
1086 16
1087 16
1088 16
1089 16
1090 16
1091 16
1092 16
1093 16
1094 16
1095 17
1096 17
1097 17
1098 17
1099 17
1100 17
1101 17
1102 17
1103 17
1104 17
1105 17
1106 17
1107 17
1108 17
1109 17
1110 17
1111 17
1112 17
1113 17
1114 17
1115 17
1116 17
1117 17
1118 17
1119 17
1120 17
1121 17
1122 17
1123 17
1124 17
1125 17
1126 17
1127 17
1128 17
1129 17
1130 17
1131 17
1132 17
1133 17
1134 17
1135 17
1136 17
1137 17
1138 17
1139 17
1140 17
1141 17
1142 17
1143 17
1144 17
1145 17
1146 17
1147 17
1148 17
1149 17
1150 17
1151 17
1152 17
1153 17
1154 17
1155 17
1156 17
1157 17
1158 17
1159 17
1160 17
1161 17
1162 17
1163 17
1164 17
1165 17
1166 17
1167 17
1168 17
1169 17
1170 17
1171 17
1172 17
1173 17
1174 17
1175 17
1176 17
1177 17
1178 17
1179 17
1180 17
1181 17
1182 17
1183 17
1184 17
1185 17
1186 17
1187 17
1188 17
1189 17
1190 17
1191 17
1192 17
1193 17
1194 17
1195 17
1196 17
1197 17
1198 17
1199 17
1200 17
1201 17
1202 17
1203 17
1204 17
1205 17
1206 17
1207 17
1208 17
1209 17
1210 17
1211 17
1212 17
1213 17
1214 17
1215 17
1216 17
1217 17
1218 17
1219 17
1220 17
1221 17
1222 17
1223 17
1224 17
1225 17
1226 17
1227 17
1228 17
1229 17
1230 17
1231 17
1232 17
1233 17
1234 17
1235 17
1236 17
1237 17
1238 17
1239 17
1240 17
1241 17
1242 17
1243 17
1244 17
1245 18
1246 18
1247 18
1248 18
1249 18
1250 18
1251 18
1252 18
1253 18
1254 18
1255 18
1256 18
1257 18
1258 18
1259 18
1260 18
1261 18
1262 18
1263 18
1264 18
1265 18
1266 18
1267 18
1268 18
1269 18
1270 18
1271 18
1272 18
1273 18
1274 18
1275 18
1276 18
1277 18
1278 18
1279 18
1280 18
1281 18
1282 18
1283 18
1284 18
1285 18
1286 18
1287 18
1288 18
1289 18
1290 18
1291 18
1292 18
1293 18
1294 18
1295 18
1296 18
1297 18
1298 18
1299 18
1300 18
1301 18
1302 18
1303 18
1304 18
1305 18
1306 18
1307 18
1308 19
1309 19
1310 19
1311 19
1312 19
1313 19
1314 19
1315 19
1316 19
1317 19
1318 19
1319 19
1320 19
1321 19
1322 19
1323 19
1324 19
1325 19
1326 19
1327 19
1328 19
1329 19
1330 19
1331 19
1332 19
1333 19
1334 19
1335 19
1336 19
1337 19
1338 19
1339 19
1340 19
1341 19
1342 19
1343 19
1344 19
1345 19
1346 19
1347 19
1348 19
1349 19
1350 19
1351 19
1352 19
1353 19
1354 19
1355 19
1356 19
1357 19
1358 19
1359 19
1360 19
1361 19
1362 19
1363 19
1364 19
1365 19
1366 19
1367 19
1368 19
1369 19
1370 19
1371 19
1372 19
1373 19
1374 19
1375 19
1376 19
1377 19
1378 19
1379 19
1380 20
1381 20
1382 20
1383 20
1384 20
1385 20
1386 20
1387 20
1388 20
1389 20
1390 20
1391 20
1392 20
1393 20
1394 20
1395 20
1396 20
1397 20
1398 20
1399 20
1400 20
1401 20
1402 20
1403 20
1404 20
1405 20
1406 20
1407 20
1408 20
1409 20
1410 20
1411 20
1412 21
1413 21
1414 21
1415 21
1416 21
1417 21
1418 21
1419 21
1420 21
1421 21
1422 21
1423 21
1424 21
1425 21
1426 21
1427 21
1428 21
1429 21
1430 21
1431 21
1432 21
1433 21
1434 21
1435 21
1436 21
1437 21
1438 21
1439 21
1440 21
1441 21
1442 21
1443 21
1444 21
1445 21
1446 21
1447 21
1448 21
1449 22
1450 22
1451 22
1452 22
1453 22
1454 22
1455 22
1456 22
1457 22
1458 22
1459 22
1460 22
1461 22
1462 22
1463 22
1464 22
1465 22
1466 22
1467 22
1468 22
1469 22
1470 22
1471 22
1472 23
1473 23
1474 23
1475 23
1476 23
1477 23
1478 23
1479 23
1480 23
1481 23
1482 24
1483 24
1484 24
1485 24
1486 24
1487 24
1488 24
1489 24
1490 24
1491 24
1492 24
1493 24
1494 24
1495 24
1496 24
1497 24
1498 24
1499 24
1500 24
1501 24
1502 24
1503 24
1504 24
1505 24
1506 24
1507 24
1508 24
1509 24
1510 24
1511 24
1512 24
1513 24
1514 24
1515 24
1516 24
1517 24
1518 24
1519 24
1520 24
1521 24
1522 24
1523 24
1524 24
1525 24
1526 24
1527 24
1528 24
1529 24
1530 24
1531 24
1532 24
1533 24
1534 24
1535 24
1536 24
1537 24
1538 24
1539 24
1540 24
1541 24
1542 24
1543 24
1544 24
1545 24
1546 24
1547 24
1548 24
1549 24
1550 24
1551 24
1552 24
1553 24
1554 24
1555 24
1556 24
1557 24
1558 24
1559 24
1560 24
1561 24
1562 24
1563 24
1564 24
1565 24
1566 24
1567 24
1568 24
1569 24
1570 24
1571 24
1572 24
1573 24
1574 24
1575 24
1576 24
1577 24
1578 24
1579 24
1580 24
1581 24
1582 24
1583 24
1584 24
1585 24
1586 24
1587 24
1588 24
1589 24
1590 24
1591 24
1592 24
1593 24
1594 24
1595 24
1596 24
1597 24
1598 24
1599 24
1600 24
1601 24
1602 24
1603 24
1604 24
1605 24
1606 24
1607 24
1608 24
1609 24
1610 24
1611 24
1612 24
1613 24
1614 24
1615 24
1616 24
1617 24
1618 24
1619 24
1620 24
1621 24
1622 24
1623 24
1624 24
1625 24
1626 24
1627 24
1628 24
1629 24
1630 24
1631 24
1632 24
1633 24
1634 24
1635 24
1636 24
1637 24
1638 24
1639 24
1640 24
1641 24
1642 24
1643 24
1644 24
1645 24
1646 24
1647 24
1648 24
1649 24
1650 24
1651 24
1652 24
1653 24
1654 24
1655 24
1656 24
1657 24
1658 24
1659 24
1660 24
1661 24
1662 24
1663 24
1664 24
1665 24
1666 24
1667 24
1668 24
1669 24
1670 24
1671 24
1672 24
1673 24
1674 24
1675 24
1676 24
1677 24
1678 24
1679 24
1680 24
1681 24
1682 24
1683 24
1684 24
1685 24
1686 24
1687 24
1688 24
1689 24
1690 24
1691 24
1692 24
1693 24
1694 24
1695 24
1696 24
1697 24
1698 24
1699 24
1700 24
1701 24
1702 24
1703 24
1704 24
1705 24
1706 24
1707 24
1708 24
1709 24
1710 24
1711 24
1712 24
1713 24
1714 24
1715 24
1716 24
1717 24
1718 24
1719 24
1720 24
1721 24
1722 24
1723 24
1724 24
1725 24
1726 24
1727 24
1728 24
1729 24
1730 24
1731 24
1732 24
1733 24
1734 24
1735 24
1736 24
1737 24
1738 24
1739 24
1740 24
1741 24
1742 24
1743 24
1744 24
1745 24
1746 24
1747 24
1748 24
1749 24
1750 24
1751 24
1752 24
1753 24
1754 24
1755 24
1756 24
1757 24
1758 24
1759 24
1760 24
1761 24
1762 24
1763 24
1764 24
1765 24
1766 24
1767 24
1768 24
1769 24
1770 24
1771 24
1772 24
1773 24
1774 24
1775 24
1776 24
1777 24
1778 24
1779 24
1780 24
1781 24
1782 24
1783 24
1784 24
1785 24
1786 24
1787 24
1788 24
1789 24
1790 24
1791 24
1792 24
1793 24
1794 24
1795 24
1796 24
1797 24
1798 24
1799 24
1800 24
1801 24
1802 24
1803 24
1804 24
1805 24
1806 24
1807 24
1808 24
1809 24
1810 24
1811 24
1812 24
1813 24
1814 24
1815 24
1816 24
1817 24
1818 24
1819 24
1820 24
1821 24
1822 24
1823 24
1824 24
1825 24
1826 24
1827 24
1828 24
1829 24
1830 24
1831 24
1832 24
1833 24
1834 24
1835 24
1836 24
1837 24
1838 24
1839 24
1840 24
1841 24
1842 24
1843 24
1844 24
1845 24
1846 24
1847 24
1848 24
1849 24
1850 24
1851 24
1852 24
1853 24
1854 24
1855 24
1856 24
1857 24
1858 24
1859 24
1860 24
1861 24
1862 24
1863 24
1864 24
1865 24
1866 24
1867 24
1868 24
1869 24
1870 24
1871 24
1872 24
1873 24
1874 24
1875 24
1876 24
1877 24
1878 24
1879 24
1880 24
1881 24
1882 24
1883 24
1884 24
1885 24
1886 24
1887 24
1888 24
1889 24
1890 24
1891 24
1892 24
1893 24
1894 24
1895 24
1896 24
1897 24
1898 24
1899 24
1900 24
1901 24
1902 24
1903 24
1904 24
1905 24
1906 24
1907 24
1908 24
1909 24
1910 24
1911 24
1912 24
1913 24
1914 24
1915 24
1916 24
1917 24
1918 24
1919 24
1920 24
1921 24
1922 24
1923 24
1924 24
1925 24
1926 24
1927 24
1928 24
1929 24
1930 24
1931 24
1932 24
1933 24
1934 24
1935 24
1936 24
1937 24
1938 24
1939 24
1940 24
1941 24
1942 24
1943 24
1944 24
1945 24
1946 24
1947 24
1948 24
1949 24
1950 24
1951 24
1952 24
1953 24
1954 24
1955 24
1956 24
1957 24
1958 24
1959 24
1960 24
1961 24
1962 24
1963 24
1964 24
1965 24
1966 24
1967 24
1968 24
1969 24
1970 24
1971 24
1972 24
1973 24
1974 24
1975 24
1976 24
1977 24
1978 24
1979 24
1980 24
1981 24
1982 24
1983 24
1984 24
1985 24
1986 24
1987 24
1988 24
1989 24
1990 24
1991 24
1992 24
1993 24
1994 24
1995 24
1996 24
1997 24
1998 24
1999 24
2000 24
2001 24
2002 24
2003 24
2004 24
2005 24
2006 24
2007 24
2008 24
2009 24
2010 24
2011 24
2012 24
2013 24
2014 24
2015 24
2016 24
2017 24
2018 24
2019 24
2020 24
2021 24
2022 24
2023 24
2024 24
2025 24
2026 24
2027 24
2028 24
2029 24
2030 24
2031 24
2032 24
2033 24
2034 24
2035 24
2036 24
2037 24
2038 24
2039 24
2040 24
2041 24
2042 24
2043 24
2044 24
2045 24
2046 24
2047 24
2048 24
2049 24
2050 24
2051 24
2052 24
2053 24
2054 24
2055 24
2056 24
2057 24
2058 24
2059 24
2060 24
2061 24
2062 24
2063 24
2064 24
2065 24
2066 24
2067 24
2068 24
2069 24
2070 24
2071 24
2072 24
2073 24
2074 24
2075 24
2076 24
2077 24
2078 24
2079 24
2080 24
2081 24
2082 24
2083 24
2084 24
2085 24
2086 24
2087 24
2088 24
2089 24
2090 24
2091 24
2092 24
2093 24
2094 24
2095 24
2096 24
2097 24
2098 24
2099 24
2100 24
2101 24
2102 24
2103 24
2104 24
2105 24
2106 24
2107 24
2108 24
2109 24
2110 24
2111 24
2112 24
2113 24
2114 24
2115 24
2116 24
2117 24
2118 24
2119 24
2120 24
2121 24
2122 24
2123 24
2124 24
2125 24
2126 24
2127 24
2128 24
2129 24
2130 24
2131 24
2132 24
2133 24
2134 24
2135 24
2136 24
2137 24
2138 24
2139 24
2140 24
2141 24
2142 24
2143 24
2144 24
2145 24
2146 24
2147 24
2148 24
2149 24
2150 24
2151 24
2152 24
2153 24
2154 24
2155 24
2156 24
2157 24
2158 24
2159 24
2160 24
2161 24
2162 24
2163 24
2164 24
2165 24
2166 24
2167 24
2168 24
2169 24
2170 24
2171 24
2172 24
2173 24
2174 24
2175 24
2176 24
2177 24
2178 24
2179 24
2180 24
2181 24
2182 24
2183 24
2184 24
2185 24
2186 24
2187 24
2188 24
2189 24
2190 24
2191 24
2192 24
2193 24
2194 24
2195 24
2196 24
2197 24
2198 24
2199 24
2200 24
2201 24
2202 24
2203 24
2204 24
2205 24
2206 24
2207 24
2208 24
2209 24
2210 24
2211 24
2212 24
2213 24
2214 24
2215 24
2216 24
2217 24
2218 24
2219 24
2220 24
2221 24
2222 24
2223 24
2224 24
2225 24
2226 24
2227 24
2228 24
2229 24
2230 24
2231 24
2232 24
2233 24
2234 24
2235 24
2236 24
2237 24
2238 24
2239 24
2240 24
2241 24
2242 24
2243 24
2244 24
2245 24
2246 24
2247 24
2248 24
2249 24
2250 24
2251 24
2252 24
2253 24
2254 24
2255 24
2256 24
2257 24
2258 24
2259 24
2260 24
2261 24
2262 24
2263 24
2264 24
2265 24
2266 24
2267 24
2268 24
2269 24
2270 24
2271 24
2272 24
2273 24
2274 24
2275 24
2276 24
2277 24
2278 24
2279 24
2280 24
2281 24
2282 24
2283 24
2284 24
2285 24
2286 24
2287 24
2288 24
2289 24
2290 24
2291 24
2292 24
2293 24
2294 24
2295 24
2296 24
2297 24
2298 24
2299 24
2300 24
2301 24
2302 24
2303 24
2304 24
2305 24
2306 24
2307 24
2308 24
2309 24
2310 24
2311 24
2312 24
2313 24
2314 24
2315 24
2316 24
2317 24
2318 24
2319 24
2320 24
2321 24
2322 24
2323 24
2324 24
2325 24
2326 24
2327 24
2328 24
2329 24
2330 24
2331 24
2332 24
2333 24
2334 24
2335 24
2336 24
2337 24
2338 24
2339 24
2340 24
2341 24
2342 24
2343 25
2344 25
2345 25
2346 25
2347 25
2348 25
2349 25
2350 25
2351 25
2352 25
2353 25
2354 25
2355 25
2356 25
2357 25
2358 25
2359 25
2360 25
2361 25
2362 25
2363 25
2364 25
2365 25
2366 25
2367 25
2368 25
2369 25
2370 25
2371 25
2372 25
2373 25
2374 25
2375 25
2376 25
2377 25
2378 25
2379 25
2380 25
2381 25
2382 25
2383 25
2384 25
2385 25
2386 25
2387 25
2388 25
2389 26
2390 26
2391 26
2392 26
2393 26
2394 26
2395 26
2396 26
2397 26
2398 26
2399 26
2400 26
2401 26
2402 26
2403 26
2404 26
2405 26
2406 26
2407 26
2408 26
2409 26
2410 26
2411 26
2412 26
2413 26
2414 26
2415 26
2416 26
2417 26
2418 26
2419 26
2420 26
2421 26
2422 26
2423 26
2424 26
2425 26
2426 26
2427 27
2428 27
2429 27
2430 27
2431 27
2432 27
2433 27
2434 27
2435 27
2436 27
2437 27
2438 27
2439 27
2440 28
2441 28
2442 28
2443 28
2444 28
2445 28
2446 28
2447 28
2448 28
2449 28
2450 28
2451 28
2452 28
2453 28
2454 28
2455 28
2456 28
2457 28
2458 28
2459 28
2460 28
2461 28
2462 28
2463 28
2464 28
2465 28
2466 28
2467 28
2468 28
2469 28
2470 28
2471 28
2472 28
2473 28
2474 28
2475 28
2476 28
2477 28
2478 28
2479 29
2480 29
2481 29
2482 29
2483 29
2484 29
2485 29
2486 29
2487 29
2488 29
2489 29
2490 29
2491 29
2492 29
2493 29
2494 29
2495 29
2496 29
2497 29
2498 29
2499 29
2500 29
2501 29
2502 29
2503 29
2504 29
2505 29
2506 29
2507 29
2508 29
2509 29
2510 29
2511 29
2512 29
2513 29
2514 29
2515 29
2516 29
2517 29
2518 29
2519 29
2520 29
2521 29
2522 29
2523 29
2524 29
2525 29
2526 29
2527 29
2528 29
2529 29
2530 29
2531 29
2532 29
2533 29
2534 29
2535 29
2536 29
2537 29
2538 29
2539 29
2540 29
2541 30
2542 30
2543 30
2544 30
2545 30
2546 30
2547 30
2548 30
2549 30
2550 30
2551 30
2552 30
2553 30
2554 30
2555 30
2556 30
2557 30
2558 30
2559 30
2560 30
2561 30
2562 30
2563 30
2564 30
2565 30
2566 30
2567 30
2568 30
2569 30
2570 30
2571 30
2572 30
2573 30
2574 30
2575 30
2576 30
2577 30
2578 30
2579 30
2580 30
2581 31
2582 31
2583 31
2584 31
2585 31
2586 31
2587 31
2588 31
2589 31
2590 31
2591 31
2592 31
2593 31
2594 31
2595 31
2596 31
2597 31
2598 31
2599 31
2600 31
2601 31
2602 31
2603 31
2604 31
2605 31
2606 31
2607 31
2608 31
2609 31
2610 32
2611 32
2612 32
2613 32
2614 32
2615 32
2616 32
2617 32
2618 32
2619 32
2620 32
2621 32
2622 32
2623 32
2624 32
2625 32
2626 32
2627 32
2628 32
2629 32
2630 32
2631 32
2632 32
2633 32
2634 32
2635 32
2636 32
2637 32
2638 32
2639 32
2640 32
2641 32
2642 32
2643 33
2644 33
2645 33
2646 33
2647 33
2648 33
2649 33
2650 33
2651 33
2652 33
2653 33
2654 33
2655 33
2656 33
2657 33
2658 33
2659 33
2660 33
2661 33
2662 33
2663 33
2664 33
2665 33
2666 33
2667 33
2668 33
2669 33
2670 33
2671 33
2672 33
2673 33
2674 33
2675 33
2676 33
2677 33
2678 33
2679 33
2680 33
2681 33
2682 33
2683 33
2684 33
2685 33
2686 33
2687 33
2688 33
2689 33
2690 33
2691 33
2692 33
2693 33
2694 33
2695 33
2696 33
2697 33
2698 33
2699 33
2700 33
2701 33
2702 33
2703 33
2704 33
2705 33
2706 33
2707 33
2708 33
2709 33
2710 33
2711 33
2712 33
2713 33
2714 33
2715 33
2716 33
2717 33
2718 33
2719 33
2720 33
2721 33
2722 33
2723 34
2724 34
2725 34
2726 34
2727 34
2728 34
2729 34
2730 34
2731 34
2732 34
2733 34
2734 34
2735 34
2736 34
2737 34
2738 34
2739 34
2740 34
2741 34
2742 34
2743 34
2744 34
2745 34
2746 34
2747 34
2748 34
2749 34
2750 34
2751 34
2752 34
2753 34
2754 34
2755 34
2756 34
2757 34
2758 34
2759 34
2760 34
2761 34
2762 34
2763 34
2764 34
2765 34
2766 34
2767 34
2768 34
2769 34
2770 34
2771 34
2772 34
2773 34
2774 34
2775 34
2776 34
2777 34
2778 34
2779 34
2780 34
2781 34
2782 34
2783 34
2784 34
2785 34
2786 34
2787 34
2788 34
2789 34
2790 34
2791 34
2792 34
2793 34
2794 34
2795 34
2796 34
2797 34
2798 34
2799 34
2800 34
2801 34
2802 34
2803 34
2804 34
2805 34
2806 34
2807 34
2808 34
2809 34
2810 34
2811 34
2812 34
2813 34
2814 34
2815 34
2816 34
2817 34
2818 34
2819 34
2820 34
2821 34
2822 34
2823 34
2824 34
2825 34
2826 34
2827 34
2828 34
2829 34
2830 34
2831 34
2832 34
2833 34
2834 34
2835 34
2836 34
2837 34
2838 34
2839 34
2840 34
2841 34
2842 34
2843 34
2844 34
2845 34
2846 34
2847 34
2848 34
2849 34
2850 34
2851 34
2852 34
2853 34
2854 34
2855 34
2856 34
2857 34
2858 34
2859 34
2860 34
2861 34
2862 34
2863 34
2864 34
2865 34
2866 34
2867 34
2868 34
2869 34
2870 34
2871 34
2872 34
2873 34
2874 34
2875 34
2876 34
2877 34
2878 34
2879 34
2880 34
2881 34
2882 34
2883 34
2884 34
2885 34
2886 34
2887 34
2888 34
2889 34
2890 34
2891 34
2892 34
2893 34
2894 34
2895 34
2896 34
2897 34
2898 34
2899 34
2900 34
2901 34
2902 34
2903 34
2904 34
2905 34
2906 34
2907 34
2908 34
2909 34
2910 34
2911 34
2912 34
2913 34
2914 34
2915 34
2916 34
2917 34
2918 34
2919 34
2920 34
2921 34
2922 34
2923 34
2924 34
2925 34
2926 34
2927 34
2928 34
2929 34
2930 34
2931 34
2932 34
2933 34
2934 34
2935 34
2936 34
2937 34
2938 34
2939 34
2940 34
2941 34
2942 34
2943 34
2944 34
2945 34
2946 34
2947 34
2948 34
2949 34
2950 34
2951 34
2952 34
2953 34
2954 34
2955 34
2956 34
2957 34
2958 34
2959 34
2960 34
2961 34
2962 34
2963 34
2964 34
2965 34
2966 34
2967 34
2968 34
2969 34
2970 34
2971 34
2972 34
2973 34
2974 34
2975 34
2976 34
2977 34
2978 34
2979 34
2980 34
2981 34
2982 34
2983 34
2984 34
2985 34
2986 34
2987 34
2988 34
2989 34
2990 34
2991 34
2992 34
2993 34
2994 34
2995 34
2996 34
2997 34
2998 34
2999 34
3000 34
3001 34
3002 34
3003 34
3004 34
3005 34
3006 34
3007 34
3008 34
3009 34
3010 34
3011 34
3012 34
3013 34
3014 34
3015 34
3016 34
3017 34
3018 34
3019 34
3020 34
3021 34
3022 34
3023 34
3024 34
3025 34
3026 34
3027 34
3028 34
3029 34
3030 34
3031 34
3032 34
3033 34
3034 34
3035 34
3036 34
3037 34
3038 34
3039 34
3040 34
3041 34
3042 34
3043 34
3044 34
3045 34
3046 34
3047 34
3048 34
3049 34
3050 34
3051 34
3052 34
3053 34
3054 34
3055 34
3056 34
3057 34
3058 34
3059 34
3060 34
3061 34
3062 34
3063 34
3064 34
3065 34
3066 34
3067 34
3068 34
3069 34
3070 34
3071 34
3072 34
3073 34
3074 34
3075 34
3076 34
3077 34
3078 34
3079 34
3080 34
3081 34
3082 34
3083 34
3084 34
3085 34
3086 34
3087 34
3088 34
3089 34
3090 34
3091 34
3092 34
3093 34
3094 34
3095 34
3096 34
3097 34
3098 34
3099 34
3100 34
3101 34
3102 34
3103 34
3104 34
3105 34
3106 34
3107 34
3108 34
3109 34
3110 34
3111 34
3112 34
3113 34
3114 34
3115 34
3116 34
3117 34
3118 34
3119 34
3120 34
3121 34
3122 34
3123 34
3124 34
3125 34
3126 34
3127 34
3128 34
3129 34
3130 34
3131 34
3132 34
3133 34
3134 34
3135 34
3136 34
3137 34
3138 34
3139 34
3140 34
3141 34
3142 34
3143 34
3144 34
3145 34
3146 34
3147 34
3148 34
3149 34
3150 34
3151 34
3152 34
3153 34
3154 34
3155 34
3156 34
3157 34
3158 34
3159 34
3160 34
3161 34
3162 34
3163 34
3164 34
3165 34
3166 34
3167 34
3168 34
3169 34
3170 34
3171 34
3172 34
3173 34
3174 34
3175 34
3176 34
3177 34
3178 34
3179 34
3180 34
3181 34
3182 34
3183 34
3184 34
3185 34
3186 34
3187 34
3188 34
3189 34
3190 34
3191 34
3192 34
3193 34
3194 34
3195 34
3196 34
3197 34
3198 34
3199 34
3200 34
3201 34
3202 34
3203 34
3204 34
3205 34
3206 34
3207 34
3208 34
3209 34
3210 34
3211 34
3212 34
3213 34
3214 34
3215 34
3216 34
3217 34
3218 34
3219 34
3220 34
3221 34
3222 34
3223 34
3224 34
3225 34
3226 34
3227 34
3228 34
3229 34
3230 34
3231 34
3232 34
3233 34
3234 34
3235 34
3236 34
3237 34
3238 34
3239 34
3240 34
3241 34
3242 34
3243 34
3244 34
3245 34
3246 34
3247 34
3248 34
3249 34
3250 34
3251 34
3252 34
3253 34
3254 34
3255 34
3256 34
3257 34
3258 34
3259 34
3260 34
3261 34
3262 34
3263 34
3264 34
3265 34
3266 34
3267 34
3268 34
3269 34
3270 34
3271 34
3272 34
3273 34
3274 34
3275 34
3276 34
3277 34
3278 34
3279 34
3280 34
3281 34
3282 34
3283 34
3284 34
3285 34
3286 34
3287 34
3288 34
3289 34
3290 34
3291 34
3292 34
3293 34
3294 34
3295 34
3296 34
3297 34
3298 34
3299 34
3300 34
3301 34
3302 34
3303 34
3304 34
3305 34
3306 34
3307 34
3308 34
3309 34
3310 34
3311 34
3312 34
3313 34
3314 34
3315 34
3316 34
3317 34
3318 34
3319 34
3320 34
3321 34
3322 34
3323 34
3324 34
3325 34
3326 34
3327 34
3328 34
3329 34
3330 34
3331 34
3332 34
3333 34
3334 34
3335 34
3336 34
3337 34
3338 34
3339 34
3340 34
3341 34
3342 34
3343 34
3344 34
3345 34
3346 34
3347 34
3348 34
3349 34
3350 34
3351 34
3352 34
3353 34
3354 34
3355 34
3356 34
3357 34
3358 34
3359 34
3360 34
3361 34
3362 34
3363 34
3364 34
3365 34
3366 34
3367 34
3368 34
3369 34
3370 34
3371 34
3372 34
3373 34
3374 34
3375 34
3376 34
3377 34
3378 34
3379 34
3380 34
3381 34
3382 34
3383 34
3384 34
3385 34
3386 34
3387 34
3388 34
3389 34
3390 34
3391 34
3392 34
3393 34
3394 34
3395 34
3396 34
3397 34
3398 34
3399 34
3400 34
3401 34
3402 34
3403 34
3404 34
3405 34
3406 34
3407 34
3408 34
3409 34
3410 34
3411 34
3412 34
3413 34
3414 34
3415 34
3416 34
3417 34
3418 34
3419 34
3420 34
3421 34
3422 34
3423 34
3424 34
3425 34
3426 34
3427 34
3428 34
3429 34
3430 34
3431 34
3432 34
3433 34
3434 34
3435 34
3436 34
3437 34
3438 34
3439 34
3440 34
3441 34
3442 34
3443 34
3444 34
3445 34
3446 34
3447 34
3448 34
3449 34
3450 34
3451 34
3452 34
3453 34
3454 34
3455 34
3456 34
3457 34
3458 34
3459 34
3460 34
3461 34
3462 34
3463 34
3464 34
3465 34
3466 34
3467 34
3468 34
3469 34
3470 34
3471 34
3472 34
3473 34
3474 34
3475 34
3476 34
3477 34
3478 34
3479 34
3480 34
3481 34
3482 34
3483 34
3484 34
3485 34
3486 34
3487 34
3488 34
3489 34
3490 34
3491 34
3492 34
3493 34
3494 34
3495 34
3496 34
3497 34
3498 34
3499 34
3500 34
3501 34
3502 34
3503 34
3504 34
3505 34
3506 34
3507 34
3508 34
3509 34
3510 34
3511 34
3512 34
3513 34
3514 34
3515 34
3516 34
3517 34
3518 34
3519 34
3520 34
3521 34
3522 34
3523 34
3524 34
3525 34
3526 34
3527 34
3528 34
3529 34
3530 34
3531 34
3532 34
3533 34
3534 34
3535 34
3536 34
3537 34
3538 34
3539 34
3540 34
3541 34
3542 34
3543 34
3544 34
3545 34
3546 34
3547 34
3548 34
3549 34
3550 34
3551 34
3552 34
3553 34
3554 34
3555 34
3556 34
3557 34
3558 34
3559 34
3560 34
3561 34
3562 34
3563 34
3564 34
3565 34
3566 34
3567 34
3568 34
3569 34
3570 34
3571 34
3572 34
3573 34
3574 34
3575 34
3576 34
3577 34
3578 34
3579 34
3580 34
3581 34
3582 34
3583 34
3584 34
3585 34
3586 34
3587 34
3588 34
3589 34
3590 34
3591 34
3592 34
3593 34
3594 34
3595 34
3596 34
3597 34
3598 34
3599 34
3600 34
3601 34
3602 34
3603 34
3604 34
3605 34
3606 34
3607 34
3608 34
3609 34
3610 34
3611 34
3612 34
3613 34
3614 34
3615 34
3616 34
3617 34
3618 34
3619 34
3620 34
3621 34
3622 34
3623 34
3624 34
3625 34
3626 34
3627 34
3628 34
3629 34
3630 34
3631 34
3632 34
3633 34
3634 34
3635 34
3636 34
3637 34
3638 34
3639 34
3640 34
3641 34
3642 34
3643 34
3644 34
3645 34
3646 34
3647 34
3648 34
3649 34
3650 34
3651 34
3652 34
3653 34
3654 34
3655 34
3656 34
3657 34
3658 34
3659 34
3660 34
3661 34
3662 34
3663 34
3664 34
3665 34
3666 34
3667 34
3668 34
3669 34
3670 34
3671 34
3672 34
3673 34
3674 34
3675 34
3676 34
3677 34
3678 34
3679 34
3680 34
3681 34
3682 34
3683 34
3684 34
3685 34
3686 34
3687 34
3688 34
3689 34
3690 34
3691 34
3692 34
3693 34
3694 34
3695 34
3696 34
3697 34
3698 34
3699 34
3700 34
3701 34
3702 34
3703 34
3704 34
3705 34
3706 34
3707 34
3708 34
3709 34
3710 34
3711 34
3712 34
3713 34
3714 34
3715 34
3716 34
3717 34
3718 34
3719 34
3720 34
3721 34
3722 34
3723 34
3724 34
3725 34
3726 34
3727 34
3728 34
3729 34
3730 34
3731 34
3732 34
3733 34
3734 34
3735 34
3736 34
3737 34
3738 34
3739 34
3740 34
3741 34
3742 34
3743 34
3744 34
3745 34
3746 34
3747 34
3748 34
3749 34
3750 34
3751 34
3752 34
3753 34
3754 34
3755 34
3756 34
3757 34
3758 34
3759 34
3760 34
3761 34
3762 34
3763 34
3764 34
3765 34
3766 34
3767 34
3768 34
3769 34
3770 34
3771 34
3772 34
3773 34
3774 34
3775 34
3776 34
3777 34
3778 34
3779 34
3780 34
3781 34
3782 34
3783 34
3784 34
3785 34
3786 34
3787 34
3788 34
3789 34
3790 34
3791 34
3792 34
3793 34
3794 34
3795 34
3796 34
3797 34
3798 34
3799 34
3800 34
3801 34
3802 34
3803 34
3804 34
3805 34
3806 34
3807 34
3808 34
3809 34
3810 34
3811 34
3812 34
3813 34
3814 34
3815 34
3816 34
3817 34
3818 34
3819 34
3820 34
3821 34
3822 34
3823 34
3824 34
3825 34
3826 34
3827 34
3828 34
3829 34
3830 34
3831 34
3832 34
3833 34
3834 34
3835 34
3836 34
3837 34
3838 34
3839 34
3840 34
3841 34
3842 34
3843 34
3844 34
3845 34
3846 34
3847 34
3848 34
3849 34
3850 34
3851 34
3852 34
3853 34
3854 34
3855 34
3856 34
3857 34
3858 34
3859 34
3860 34
3861 34
3862 34
3863 34
3864 34
3865 34
3866 34
3867 34
3868 34
3869 34
3870 34
3871 34
3872 34
3873 34
3874 34
3875 34
3876 34
3877 34
3878 34
3879 34
3880 34
3881 34
3882 34
3883 34
3884 34
3885 34
3886 34
3887 34
3888 34
3889 34
3890 34
3891 34
3892 34
3893 34
3894 34
3895 34
3896 34
3897 34
3898 34
3899 34
3900 34
3901 34
3902 34
3903 34
3904 34
3905 34
3906 34
3907 34
3908 34
3909 34
3910 34
3911 34
3912 34
3913 34
3914 34
3915 34
3916 34
3917 34
3918 34
3919 34
3920 34
3921 34
3922 34
3923 34
3924 34
3925 34
3926 34
3927 34
3928 34
3929 34
3930 34
3931 34
3932 34
3933 34
3934 34
3935 34
3936 34
3937 34
3938 34
3939 34
3940 34
3941 34
3942 34
3943 34
3944 34
3945 34
3946 34
3947 34
3948 34
3949 34
3950 34
3951 34
3952 34
3953 34
3954 34
3955 34
3956 34
3957 34
3958 34
3959 34
3960 34
3961 34
3962 34
3963 34
3964 34
3965 34
3966 34
3967 34
3968 34
3969 34
3970 34
3971 34
3972 34
3973 34
3974 34
3975 34
3976 34
3977 34
3978 34
3979 34
3980 34
3981 34
3982 34
3983 34
3984 34
3985 34
3986 34
3987 34
3988 34
3989 34
3990 34
3991 34
3992 34
3993 34
3994 34
3995 34
3996 34
3997 34
3998 34
3999 34
4000 34
4001 34
4002 34
4003 34
4004 34
4005 34
4006 34
4007 34
4008 34
4009 34
4010 34
4011 34
4012 34
4013 34
4014 34
4015 34
4016 34
4017 34
4018 34
4019 34
4020 34
4021 34
4022 34
4023 34
4024 34
4025 34
4026 34
4027 34
4028 34
4029 34
4030 34
4031 34
4032 34
4033 34
4034 34
4035 34
4036 34
4037 34
4038 34
4039 34
4040 34
4041 34
4042 34
4043 34
4044 34
4045 34
4046 34
4047 34
4048 34
4049 34
4050 34
4051 34
4052 34
4053 34
4054 34
4055 34
4056 34
4057 34
4058 34
4059 34
4060 34
4061 34
4062 34
4063 34
4064 34
4065 34
4066 34
4067 34
4068 34
4069 34
4070 34
4071 34
4072 34
4073 34
4074 34
4075 34
4076 34
4077 34
4078 34
4079 34
4080 34
4081 34
4082 34
4083 34
4084 34
4085 34
4086 34
4087 34
4088 34
4089 34
4090 34
4091 34
4092 34
4093 34
4094 34
4095 34
4096 34
4097 34
4098 34
4099 34
4100 34
4101 34
4102 34
4103 34
4104 34
4105 34
4106 34
4107 34
4108 34
4109 34
4110 34
4111 34
4112 34
4113 34
4114 34
4115 34
4116 34
4117 34
4118 34
4119 34
4120 34
4121 34
4122 34
4123 34
4124 34
4125 34
4126 34
4127 34
4128 34
4129 34
4130 34
4131 34
4132 34
4133 34
4134 34
4135 34
4136 34
4137 34
4138 34
4139 34
4140 34
4141 34
4142 34
4143 34
4144 34
4145 34
4146 34
4147 34
4148 34
4149 34
4150 34
4151 34
4152 34
4153 34
4154 34
4155 34
4156 34
4157 34
4158 34
4159 34
4160 35
4161 35
4162 35
4163 35
4164 35
4165 35
4166 35
4167 35
4168 35
4169 35
4170 35
4171 35
4172 35
4173 35
4174 35
4175 35
4176 35
4177 35
4178 35
4179 35
4180 35
4181 35
4182 35
4183 35
4184 35
4185 35
4186 35
4187 35
4188 35
4189 35
4190 35
4191 35
4192 35
4193 35
4194 35
4195 35
4196 35
4197 35
4198 35
4199 35
4200 35
4201 35
4202 35
4203 35
4204 35
4205 35
4206 35
4207 35
4208 36
4209 36
4210 36
4211 36
4212 36
4213 36
4214 36
4215 36
4216 36
4217 36
4218 36
4219 36
4220 36
4221 36
4222 36
4223 36
4224 36
4225 36
4226 36
4227 37
4228 37
4229 37
4230 37
4231 37
4232 37
4233 37
4234 37
4235 37
4236 37
4237 37
4238 37
4239 37
4240 37
4241 37
4242 37
4243 37
4244 37
4245 37
4246 38
4247 38
4248 38
4249 38
4250 38
4251 38
4252 38
4253 38
4254 38
4255 38
4256 38
4257 38
4258 38
4259 38
4260 38
4261 39
4262 39
4263 39
4264 39
4265 39
4266 39
4267 39
4268 39
4269 39
4270 39
4271 39
4272 39
4273 39
4274 39
4275 39
4276 39
4277 39
4278 39
4279 39
4280 39
4281 39
4282 39
4283 39
4284 39
4285 39
4286 39
4287 39
4288 39
4289 39
4290 39
4291 39
4292 39
4293 39
4294 39
4295 39
4296 39
4297 39
4298 40
4299 40
4300 40
4301 40
4302 40
4303 40
4304 40
4305 40
4306 40
4307 40
4308 40
4309 40
4310 40
4311 40
4312 40
4313 40
4314 40
4315 40
4316 40
4317 40
4318 40
4319 40
4320 40
4321 40
4322 40
4323 40
4324 40
4325 40
4326 40
4327 40
4328 40
4329 40
4330 40
4331 40
4332 40
4333 40
4334 40
4335 40
4336 40
4337 40
4338 40
4339 40
4340 40
4341 40
4342 40
4343 40
4344 40
4345 40
4346 40
4347 40
4348 40
4349 40
4350 40
4351 40
4352 40
4353 40
4354 40
4355 40
4356 40
4357 40
4358 40
4359 40
4360 40
4361 40
4362 40
4363 41
4364 41
4365 41
4366 41
4367 41
4368 41
4369 41
4370 41
4371 41
4372 41
4373 41
4374 41
4375 41
4376 41
4377 41
4378 41
4379 41
4380 41
4381 41
4382 41
4383 42
4384 42
4385 42
4386 42
4387 42
4388 42
4389 42
4390 42
4391 42
4392 42
4393 42
4394 42
4395 42
4396 42
4397 42
4398 42
4399 42
4400 42
4401 42
4402 42
4403 42
4404 42
4405 42
4406 42
4407 42
4408 42
4409 42
4410 42
4411 42
4412 42
4413 42
4414 42
4415 42
4416 42
4417 42
4418 42
4419 42
4420 42
4421 42
4422 42
4423 42
4424 42
4425 42
4426 42
4427 42
4428 42
4429 42
4430 42
4431 42
4432 42
4433 42
4434 42
4435 42
4436 42
4437 42
4438 42
4439 42
4440 42
4441 42
4442 42
4443 42
4444 42
4445 42
4446 42
4447 42
4448 42
4449 42
4450 42
4451 42
4452 42
4453 42
4454 42
4455 42
4456 42
4457 42
4458 42
4459 42
4460 42
4461 42
4462 42
4463 42
4464 42
4465 42
4466 42
4467 42
4468 42
4469 42
4470 42
4471 42
4472 42
4473 42
4474 42
4475 42
4476 42
4477 42
4478 42
4479 42
4480 42
4481 42
4482 42
4483 42
4484 42
4485 42
4486 42
4487 42
4488 42
4489 42
4490 42
4491 42
4492 42
4493 42
4494 42
4495 42
4496 43
4497 43
4498 43
4499 43
4500 43
4501 43
4502 43
4503 43
4504 43
4505 43
4506 43
4507 43
4508 43
4509 43
4510 43
4511 43
4512 43
4513 43
4514 43
4515 43
4516 43
4517 43
4518 43
4519 43
4520 43
4521 43
4522 43
4523 43
4524 43
4525 43
4526 43
4527 43
4528 43
4529 43
4530 43
4531 43
4532 43
4533 43
4534 43
4535 43
4536 43
4537 43
4538 43
4539 43
4540 43
4541 43
4542 43
4543 43
4544 43
4545 43
4546 43
4547 43
4548 43
4549 43
4550 43
4551 43
4552 43
4553 43
4554 43
4555 43
4556 43
4557 43
4558 43
4559 43
4560 43
4561 43
4562 43
4563 43
4564 43
4565 43
4566 43
4567 43
4568 43
4569 43
4570 43
4571 43
4572 43
4573 43
4574 43
4575 43
4576 43
4577 43
4578 43
4579 43
4580 43
4581 43
4582 43
4583 43
4584 44
4585 44
4586 44
4587 44
4588 44
4589 44
4590 44
4591 44
4592 44
4593 44
4594 44
4595 44
4596 44
4597 44
4598 44
4599 44
4600 44
4601 44
4602 44
4603 44
4604 44
4605 44
4606 44
4607 44
4608 44
4609 44
4610 44
4611 44
4612 44
4613 44
4614 44
4615 44
4616 44
4617 44
4618 44
4619 44
4620 44
4621 44
4622 44
4623 44
4624 44
4625 44
4626 44
4627 44
4628 44
4629 44
4630 44
4631 44
4632 44
4633 44
4634 44
4635 44
4636 44
4637 44
4638 44
4639 44
4640 44
4641 44
4642 44
4643 44
4644 44
4645 44
4646 44
4647 44
4648 44
4649 44
4650 44
4651 44
4652 44
4653 44
4654 44
4655 44
4656 44
4657 44
4658 44
4659 44
4660 44
4661 44
4662 44
4663 44
4664 44
4665 44
4666 44
4667 44
4668 44
4669 44
4670 44
4671 44
4672 44
4673 44
4674 44
4675 44
4676 44
4677 44
4678 44
4679 44
4680 44
4681 44
4682 44
4683 44
4684 44
4685 44
4686 44
4687 44
4688 44
4689 44
4690 44
4691 44
4692 44
4693 44
4694 44
4695 44
4696 44
4697 44
4698 44
4699 44
4700 44
4701 44
4702 44
4703 44
4704 44
4705 44
4706 44
4707 44
4708 44
4709 44
4710 44
4711 44
4712 44
4713 44
4714 44
4715 44
4716 44
4717 44
4718 44
4719 44
4720 44
4721 44
4722 44
4723 44
4724 44
4725 44
4726 44
4727 44
4728 44
4729 44
4730 44
4731 44
4732 44
4733 44
4734 44
4735 44
4736 44
4737 44
4738 44
4739 44
4740 44
4741 44
4742 44
4743 44
4744 44
4745 44
4746 44
4747 44
4748 44
4749 44
4750 44
4751 44
4752 44
4753 44
4754 44
4755 44
4756 44
4757 44
4758 44
4759 44
4760 44
4761 44
4762 44
4763 44
4764 44
4765 44
4766 44
4767 44
4768 44
4769 44
4770 44
4771 44
4772 44
4773 44
4774 44
4775 44
4776 44
4777 44
4778 44
4779 44
4780 44
4781 44
4782 44
4783 44
4784 44
4785 44
4786 44
4787 44
4788 44
4789 44
4790 44
4791 44
4792 44
4793 44
4794 44
4795 44
4796 44
4797 44
4798 44
4799 44
4800 45
4801 45
4802 45
4803 45
4804 45
4805 45
4806 45
4807 45
4808 45
4809 45
4810 45
4811 45
4812 45
4813 45
4814 45
4815 45
4816 45
4817 45
4818 45
4819 45
4820 45
4821 45
4822 45
4823 45
4824 45
4825 45
4826 45
4827 45
4828 45
4829 45
4830 45
4831 45
4832 45
4833 45
4834 45
4835 45
4836 45
4837 45
4838 45
4839 45
4840 45
4841 45
4842 45
4843 45
4844 45
4845 45
4846 45
4847 45
4848 45
4849 45
4850 45
4851 45
4852 45
4853 45
4854 45
4855 46
4856 46
4857 46
4858 46
4859 46
4860 46
4861 46
4862 46
4863 46
4864 46
4865 46
4866 47
4867 47
4868 47
4869 47
4870 47
4871 47
4872 47
4873 47
4874 47
4875 47
4876 47
4877 47
4878 47
4879 47
4880 47
4881 47
4882 47
4883 47
4884 47
4885 47
4886 47
4887 47
4888 47
4889 47
4890 47
4891 47
4892 47
4893 47
4894 47
4895 47
4896 48
4897 48
4898 48
4899 48
4900 48
4901 48
4902 48
4903 48
4904 48
4905 48
4906 48
4907 48
4908 48
4909 48
4910 48
4911 48
4912 48
4913 48
4914 48
4915 48
4916 48
4917 48
4918 48
4919 48
4920 48
4921 49
4922 49
4923 49
4924 49
4925 49
4926 49
4927 49
4928 49
4929 49
4930 49
4931 49
4932 49
4933 49
4934 49
4935 49
4936 49
4937 49
4938 49
4939 49
4940 49
4941 49
